1030.698409
719.2119528
584.6803033
505.2924743
451.4185664
411.7941912
381.0770138
356.3644841
335.9260254
318.6573468
303.816266
290.8830888
279.4816068
260.2207141
251.9825106
237.6274823
231.3204242
220.093331
205.9767827
197.9632319
187.5439116
181.4596076
170.9044181
164.1142045
156.2259191
149.3974766
142.0274635
135.6757756
129.1012476
123.4252798
117.6930256
112.0611951
107.1980509
101.9619277
97.46015068
93.17198031
88.8073809
84.77292708
81.04848335
77.41259995
74.09457414
70.76385958
67.63734868
64.82900234
62.01069029
59.4197518
56.90119898
54.55403376
52.37675907
50.27673796
48.28197288
46.43975502
44.66236434
43.02211823
41.47456753
40.01285591
38.64800807
37.36059617
36.17183154
35.05626674
34.02337617
33.07133077
32.18867352
31.38349377
30.65285099
29.99608848
29.41196006
28.90572934
28.47895218
28.13549117
27.88157011
27.72288609
27.66866883
27.72923817
27.91648192
28.24480782
28.73004277
29.39094668
30.24549961
31.31665227
32.62572431
34.19667229
36.05668509
38.23303928
40.75254854
43.64508358
