188.2718107
257.4103852
292.065847
293.7877036
281.6984082
268.8662552
259.7245748
251.9027114
242.9390696
233.0443719
222.5972674
210.6446541
196.5655329
167.5206459
155.3471786
136.5433446
130.3051456
120.9501262
110.1386415
106.5242621
104.4284973
102.3915173
98.74721041
94.0548087
85.70485458
79.96500839
76.33343284
72.84611487
70.37965824
65.74706371
62.05807302
59.27302507
57.13972929
52.9488669
51.67361742
48.15533779
46.01167669
41.85011019
38.86010259
36.24747023
34.11969321
32.08788278
29.98794754
28.25264216
27.61850462
26.97989829
26.20111611
25.00443241
23.83059029
22.86737353
22.0490028
21.75708777
21.39487849
20.95264068
20.74708126
20.47360077
19.91778514
19.41200773
18.59003809
17.53074597
16.3948116
15.36200619
14.62534504
14.07600619
13.43087549
12.41075173
11.2124334
10.25383657
9.479756955
8.358882008
7.136043841
6.443648144
6.17617632
6.484644197
6.575289166
6.163643575
5.494426436
5.072465464
4.264220168
4.16622055
4.369820145
4.020262104
3.635316606
3.142271837
2.816064613
2.953379952
