269.5356656
421.5241695
519.3965027
568.9926551
585.8602136
579.1813143
554.0032972
514.7324218
466.8015957
416.510925
370.2760788
332.9986752
306.6783149
279.1778292
271.4683291
260.3214361
257.5600284
257.9988232
254.9468749
240.0957454
212.276726
201.7692318
191.7555044
189.2135149
183.0699393
166.5892619
158.1987009
156.5471498
144.8772269
137.4411091
134.968126
124.2367047
122.3769957
112.6550569
107.5918152
104.2910453
97.33783396
90.56331711
84.93915786
79.44054381
74.40767692
70.7228849
65.27583875
61.63391385
62.09318611
62.27939292
62.14886793
61.42370805
62.1016336
62.14615592
61.67338613
60.39157367
58.98408913
56.98341677
54.6418801
49.99333504
45.4533828
41.18251415
36.73763014
32.87124259
29.37695052
25.75926829
23.62211847
23.31821857
23.22560904
20.89280927
17.64282023
16.74265639
16.42156645
16.29271527
13.42503584
10.27410073
9.776248678
11.71763523
10.79099138
10.35494301
9.661910863
9.749263892
8.219052352
8.096157137
6.995865724
6.785436967
6.967921742
6.653308402
5.817101193
6.057951942
