2599.929462
2928.86732
3741.187046
4039.310787
3923.357869
3601.753297
3230.642603
2996.294824
2919.952019
2958.865363
3051.747017
3174.031431
3318.539515
3473.905432
3751.628187
3975.025143
4088.522152
4463.124111
4723.781396
4980.30582
5339.967361
5801.167554
6135.959664
6556.335538
6955.686688
7425.079123
7937.664247
8397.940631
8807.601074
9275.983309
9655.499336
9979.775734
10222.24238
10357.89771
10358.71184
10190.12884
9850.71341
9323.274363
8631.908104
7828.567097
6949.307675
6114.54952
5350.976203
4700.124209
4176.76255
3808.109548
3502.733299
3153.118125
2753.023008
2404.728102
2098.862784
1826.804066
1605.728423
1440.603108
1329.903607
1198.619722
1094.338345
1009.727618
938.4658818
790.0974502
735.8037903
658.6813963
618.172156
493.3259368
493.9333305
451.4218158
393.9502485
351.5063866
316.5507094
275.2698143
269.7605232
236.2915
218.1552546
181.3657468
167.2055141
159.9189062
144.8847266
127.0008938
108.8938324
99.17472859
90.39932757
89.60527166
75.21890159
68.20862745
61.26149323
52.915445
46.88529329
40.19359074
