0.06341171593
0.03177760131
0.02123893988
0.01597410736
0.01281877615
0.0107181682
0.009220234006
0.008098947349
0.00722873688
0.006534258762
0.005967566048
0.005496693377
0.005099510269
0.004467195766
0.00421177632
0.003788597494
0.003611582681
0.00331017363
0.002956551932
0.002768663492
0.002538626475
0.002411899756
0.002205654851
0.00208228509
0.001948314984
0.001840600972
0.001733076873
0.001647767034
0.001566689739
0.001502614748
0.001443449631
0.001390691424
0.001349345616
0.001309090121
0.001277910924
0.001251058351
0.001226467169
0.001206084542
0.001189172369
0.001174333595
0.001162154416
0.001151160717
0.001141897089
0.001134394646
0.001127596022
0.001121951419
0.001116985279
0.001112790208
0.001109249098
0.001106133509
0.001103430335
0.001101142551
0.00109911428
0.001097389901
0.001095885851
0.001094569384
0.001093427351
0.001092424148
0.001091559468
0.001090800509
0.001090142495
0.001089574177
0.001089080888
0.001088660802
0.001088306945
0.001088014918
0.001087781401
0.001087606801
0.001087491038
0.001087436159
0.001087445951
0.001087526158
0.001087684762
0.001087932168
0.001088281386
0.001088750001
0.001089358801
0.001090134976
0.001091108761
0.001092321488
0.001093819558
0.001095661097
0.00109791887
0.001100679088
0.001104042994
0.001108134085
