0.008547177293
0.01560792685
0.0211927552
0.02515126143
0.02734630156
0.02768852671
0.02634185237
0.02362772454
0.01997301374
0.01592482396
0.01201263983
0.008667993366
0.006217256571
0.004092090196
0.003989042855
0.005029130186
0.005948413861
0.007522428129
0.007613238583
0.006260675682
0.003754733864
0.003182234616
0.004146877347
0.004377535879
0.004194612716
0.002859322453
0.003014608221
0.003324653959
0.002694185701
0.002197425515
0.002789020927
0.001892085008
0.002550136701
0.001771387081
0.001748253345
0.002041293368
0.001743670233
0.001590828584
0.001506757055
0.001376513828
0.001324576483
0.001459140197
0.001234466221
0.001229836228
0.001134067566
0.001098256837
0.001082322167
0.001038296538
0.001046297056
0.001018764904
0.001016306284
0.0009725241692
0.000961920705
0.0009280262284
0.0008840256308
0.0008407440414
0.0008141789374
0.0007823360214
0.0007449646193
0.0007250723601
0.0006960458829
0.0006682750742
0.0006561405296
0.0006516142548
0.0006511653917
0.0006510529186
0.0006579426634
0.0006702463051
0.0006813398347
0.000686416032
0.0006824314402
0.0006716311925
0.0006514447371
0.0006286580434
0.0006168420486
0.0006274290469
0.0006546310581
0.0006977795421
0.0007524409698
0.0008175095846
0.0008898806551
0.0009789718376
0.001089406856
0.001214336574
0.001348458734
0.001479363199
