0.002498302886
0.004996605772
0.007494908658
0.009993211544
0.01249151443
0.01498981732
0.0174881202
0.01998642309
0.02248472597
0.02498302886
0.02748133175
0.02997963463
0.03247793752
0.03747454329
0.03997284618
0.04496945195
0.04746775483
0.05246436061
0.05995926926
0.06495587504
0.07245078369
0.07744738947
0.08744060101
0.09493550967
0.1049287212
0.1149219328
0.1274134472
0.1399049616
0.1548947789
0.1698845962
0.1873727165
0.2073591395
0.2273455626
0.2523285915
0.2773116203
0.3047929521
0.3372708896
0.37224713
0.4097216733
0.4521928224
0.4971622743
0.5496266349
0.6070876013
0.6670468706
0.7369993514
0.811948438
0.8968907361
0.9893279429
1.089260058
1.201683688
1.326598832
1.461507188
1.613903664
1.778791655
1.961167766
2.163530299
2.385879256
2.633211242
2.903027954
3.2028243
3.532600281
3.894854199
4.297080964
4.739280575
5.226449638
5.763584758
6.358180845
7.012736201
7.734745735
8.531704356
9.408608669
10.37795019
11.44722382
12.62642279
13.92554029
15.35956614
16.94099187
18.68730559
20.61099881
22.73455626
25.07546607
27.65621295
30.50427824
33.64714327
37.11228937
40.93219448
