9.769561383
5.176661227
3.635296265
2.857946195
2.386907325
2.069492651
1.840189608
1.666192132
1.529240482
1.418354665
1.326529888
1.249083293
1.182763074
1.125238956
1.030144007
0.9544655925
0.9220525369
0.840805599
0.796767465
0.7587446226
0.7103973373
0.6579529943
0.6252702941
0.5882709726
0.5570340411
0.5240918654
0.4912527133
0.4638387623
0.4405146548
0.4142299821
0.3921226865
0.3710180876
0.3511306342
0.332553899
0.313980874
0.2970850816
0.2816969997
0.266848636
0.2527441656
0.2394901375
0.2266301507
0.2147984283
0.2035667133
0.193013254
0.1829055394
0.1735717166
0.1645877904
0.1560632327
0.1479169913
0.1403443905
0.1331305544
0.126247951
0.1197569927
0.1136835718
0.1078195413
0.102333941
0.09711463978
0.09216782367
0.08749495859
0.08304579726
0.07885531779
0.07486846926
0.07108609643
0.06750807577
0.06413275876
0.06092943915
0.05789761612
0.05502991053
0.05231652261
0.04976220985
0.0473525628
0.04508773677
0.04295979916
0.04096901306
0.03911580667
0.03740012514
0.03582781785
0.03440368338
0.03313723498
0.03203964727
0.03112725882
0.03041932621
0.02993957126
0.02971416031
0.02977230798
0.03014419107
0.03086011235
0.03194958188
