2537.618921
2113.67872
1954.209506
1869.811128
1817.433454
1781.72004
1755.795732
1736.115061
1720.662176
1708.205526
1697.949947
1689.358979
1682.057503
1675.775297
1665.519201
1657.50098
1654.113949
1645.772535
1641.354052
1637.606586
1632.943326
1628.03106
1625.056502
1621.778611
1619.092116
1616.346545
1613.706771
1611.583464
1609.838587
1607.944503
1606.414168
1605.009634
1603.738938
1602.600346
1601.510594
1600.563069
1599.737675
1598.976251
1598.285736
1597.666725
1597.094471
1596.593218
1596.140266
1595.735402
1595.366862
1595.043582
1594.748194
1594.482519
1594.242226
1594.031058
1593.841123
1593.670426
1593.519172
1593.386533
1593.266983
1593.163114
1593.071867
1592.99268
1592.924923
1592.867354
1592.819974
1592.781784
1592.752578
1592.732169
1592.720381
1592.717064
1592.722317
1592.736313
1592.759381
1592.79183
1592.834307
1592.887446
1592.952256
1593.029798
1593.121368
1593.228648
1593.353396
1593.497941
1593.664887
1593.857545
1594.079621
1594.33571
1594.630973
1594.972027
1595.36619
1595.822628
1596.352137
1596.967806
