0.3354236404
0.5128562356
0.6358012213
0.7286064089
0.7805708796
0.7876301168
0.7555836962
0.6981158159
0.6291634813
0.5606032297
0.4995630476
0.4482876856
0.4065915939
0.3737930643
0.3362788137
0.3269162066
0.3229507439
0.2936877311
0.2735603107
0.260056072
0.2439158199
0.2170255563
0.1925649295
0.1698845125
0.163273058
0.1485497537
0.126822562
0.1160995831
0.1087337198
0.09966167868
0.09235937429
0.0856312587
0.0782323849
0.07213876794
0.06709723174
0.06192187304
0.05765674929
0.05370437178
0.04930612837
0.04579446162
0.04251178391
0.0402644001
0.03850091345
0.03684870578
0.03514676444
0.0341278847
0.03328780915
0.03182755816
0.03024171801
0.02890278936
0.02765536867
0.02612798496
0.02445122997
0.02292227429
0.02156460964
0.02020005046
0.01902678311
0.0180071267
0.01708597318
0.01646639688
0.01595594743
0.01554737736
0.01514542419
0.01450996229
0.01386883111
0.01300760849
0.01210758426
0.01139004355
0.01072820167
0.01024819894
0.009830014699
0.009513017609
0.00960190865
0.009557502391
0.009392070869
0.009078534961
0.00901484508
0.009059751626
0.009112519442
0.009028184918
0.008839877109
0.008837168865
0.008620519451
0.008553434696
0.00878650823
0.009441674366
0.01023715237
0.01109429746
