0.002240274103
0.003972665311
0.005189157349
0.005914594544
0.006301952722
0.00647931195
0.006502274917
0.00639003672
0.006172872487
0.005895934107
0.00559196671
0.005274504854
0.004957740506
0.004415450242
0.004211545048
0.003926205398
0.003829074402
0.003651913288
0.003389427884
0.003260287825
0.003135813367
0.003048299998
0.002826838147
0.00266189482
0.002518412328
0.002433262635
0.002405702488
0.002307065175
0.002182461227
0.002089094798
0.002025775865
0.001936923815
0.001906977572
0.001832157658
0.001793066355
0.001752117462
0.001745963016
0.001719750493
0.001716010803
0.001731445505
0.001756281246
0.001792211422
0.001841383341
0.001900521771
0.001974568094
0.002053446987
0.002142599267
0.002241683929
0.002350264491
0.002463791007
0.002582670559
0.002704060548
0.002828584385
0.002944780782
0.003042858274
0.003124248291
0.003194986282
0.00325880149
0.003306424044
0.003333877254
0.003335859745
0.003313010752
0.003273073454
0.003232700731
0.003206333464
0.0031986074
0.00321038499
0.003221263248
0.003214751593
0.00319887856
0.003165232109
0.003074379552
0.002925018285
0.002765093621
0.002602688092
0.002378270219
0.002109856758
0.001809606694
0.001572905522
0.001437647787
0.001373976505
0.001336885585
0.001311362482
0.001290175277
0.001295398725
0.001286770829
