594.0702668
419.8758029
342.77883
296.8373939
265.4921464
242.3573392
224.378855
209.8880038
197.8858298
187.7329334
178.9985416
171.3804273
164.6594537
153.2945815
148.4293865
139.9455578
136.2155048
129.5716529
121.2101918
116.459561
110.277971
106.6656033
100.3937065
96.35524873
91.65967029
87.59109603
83.19532089
79.40269488
75.47235115
72.07486794
68.63908324
65.25834732
62.33436076
59.1805444
56.46374056
53.87061095
51.2252338
48.77372061
46.50444197
44.28255874
42.2483943
40.19921319
38.26803074
36.5260757
34.76990056
33.14718671
31.56104056
30.07379324
28.6851307
27.33612404
26.04453424
24.8414002
23.66958942
22.57690864
21.53424026
20.53697883
19.59277139
18.68822105
17.83837398
17.02512672
16.25516339
15.52705107
14.83148716
14.1740155
13.5513338
12.96140974
12.40079769
11.87146812
11.37105952
10.89822469
10.45340163
10.03368585
9.639377166
9.269987659
8.925385197
8.604624195
8.307986279
8.035288614
7.787610763
7.565127179
7.369213919
7.201228687
7.062845325
6.956410107
6.884764602
6.851075393
