0.05304521972
0.02672835151
0.01798267552
0.01362925798
0.01103226308
0.009313045555
0.008095021059
0.00718988356
0.00649301084
0.005941626334
0.005495781395
0.005128846061
0.004822388335
0.004341779251
0.004150755317
0.003839192347
0.003710987418
0.003496083787
0.003250345499
0.003123078518
0.00297088133
0.002888926331
0.002758737239
0.002682911653
0.002602444987
0.002539236712
0.002477509951
0.002429521511
0.002384710069
0.002349818293
0.002317971275
0.002289825014
0.002267887601
0.002246576347
0.002230054949
0.002215772084
0.002202603735
0.002191583921
0.002182332552
0.002174102413
0.002167241258
0.002160939978
0.002155528021
0.002151058332
0.002146924733
0.002143419286
0.002140268444
0.002137548785
0.002135204469
0.002133099284
0.002131236022
0.002129629295
0.002128179897
0.002126928128
0.002125821355
0.002124841607
0.002123984373
0.00212322732
0.002122573775
0.002122001763
0.002121509817
0.002121090973
0.00212073539
0.002120442208
0.002120206415
0.00212002453
0.002119893623
0.002119812675
0.002119780081
0.002119795139
0.002119857482
0.002119967701
0.002120126536
0.002120335261
0.002120595413
0.002120909833
0.002121281157
0.002121713412
0.002122209581
0.002122775354
0.002123415302
0.002124135454
0.002124943381
0.002125846791
0.002126853462
0.002127972678
